58 36 66 34 86 12 13 35 55 85 99 25 98 14 80 60 75 36 16 47 88
40 90 48 63 28 37 92 33 14 89 82 24 13 93 24 93 80 41 93 56 84
76 64 49 15 95 83 83 63 96 75 25 54 50 43 92 67 82 85 58 35 68
20 59 25 91 41 51 23 81 89 23 88 13 78 61 97 20 13 22 28 35 96
63 98 96 25 80 18 38 38 36 86 98 53 39 24 11 77 42 85 16 14 79
38 30 41 89 98 61 40 82 71 23 24 30 79 26 59 85 24 74 20 19 83
88 73 59 15 16 87 25 43 54 54 53 62 25 96 88 33 83 89 91 55 61
81 84 29 74 44 55 80 21 88 83 83 27 54 87 36 49 60 92 46 70 53
32 49 28 27 70 66 11 63 30 72 22 29 16 58 62 23 22 18 20 68 63
25 25 32 20 62 37 36 39 92 16 11 37 83 56 45 19 48 55 96 73 55
48 70 49 22 70 36 92 39 23 95 90 99 54 19 49 99 17 57 46 35 64
85 82 55 21 38 30 54 99 54 98 76 17 51 16 62 89 75 65 87 86 26
22 69 30 11 38 72 47 15 64 11 84 24 39 73 82 46 93 29 52 63 57
69 26 91 87 99 91 27 11 17 91 63 30 61 15 89 75 93 10 90 51 15
17 31 31 79 40 56 64 92 73 21 52 63 37 77 70 66 50 73 35 88 63
29 87 51 64 53 17 56 71 66 14 46 84 66 51 64 89 93 91 24 23 73
55 90 67 87 55 19 13 63 24 55 51 51 10 52 58 51 83 75 52 89 72
68 47 77 25 25 59 78 27 63 37 85 83 58 73 22 89 63 39 21 84 53
28 94 27 75 46 43 99 89 44 19 86 27 79 14 77 74 53 70 25 22 31
39 36 56 61 80 45 56 21 62 44 86 38 76 84 46 77 81 38 95 41 43